Que -1)
-------------------
Write the logic for the following pattern in c program?

i)  1   2   3   4   5
    6   7   8   9  10
   11  12  13  14  15
   16  17  18  19  20
---------------------------------------------
ii)  1  3  5  7  9 
    11 13 15 17 19
    21 23 25 27 29
    31 33 35 37 39
----------------------------------------------
iii) 2  4  6  8  10
    12 14 16 18  20
    22 24 26 28  30
    32 34 36 38  40
----------------------------------------------
iv) 5 4 3 2 1 
    5 4 3 2 1
    5 4 3 2 1
    5 4 3 2 1
----------------------------------------------
v) 1 1 2 1 3 1
   1 2 2 2 3 2
   1 3 2 3 3 3 
   1 4 2 4 3 4
   1 5 2 5 3 5
----------------------------------------------
vi) 1  2  3  4  5 
    2  4  6  8  10
    3  9  9 12  15
    4  8 12 16  20
    5 10 15 20  25
----------------------------------------------
vii) 1  2  3  4  5
     2  3  4  5  6
     3  4  5  6  7
     4  5  6  7  8
     5  6  7  8  9
----------------------------------------------
viii) 1  6  11  16  21
      2  7  12  17  22
      3  8  13  18  23
      4  9  14  19  24
      5 10  15  20  25
----------------------------------------------
ix)  5  10  15  20  25
     4  9   14  19  24
     3  8   13  18  23
     2  7   12  17  22
     1  6   11  16  21
-----------------------------------------------
x)  0  1  0  1  0
    1  0  1  0  1
    0  1  0  1  0
    1  0  1  0  1
    0  1  0  1  0